2025 213  0 23
2025 213  1 23
2025 213  2 23
2025 213  3 27
2025 213  4 27
2025 213  5 27
2025 213  6 23
2025 213  7 23
2025 213  8 23
2025 213  9 23
2025 213 10 23
2025 213 11 23
2025 213 12 30
2025 213 13 30
2025 213 14 30
2025 213 15 13
2025 213 16 13
2025 213 17 13
2025 213 18 27
2025 213 19 27
2025 213 20 27
2025 213 21 33
2025 213 22 33
2025 213 23 33
2025 214  0 30
2025 214  1 30
2025 214  2 30
2025 214  3 20
2025 214  4 20
2025 214  5 20
2025 214  6 13
2025 214  7 13
2025 214  8 13
2025 214  9 10
2025 214 10 10
2025 214 11 10
2025 214 12 17
2025 214 13 17
2025 214 14 17
2025 214 15 23
2025 214 16 23
2025 214 17 23
2025 214 18 23
2025 214 19 23
2025 214 20 23
2025 214 21 27
2025 214 22 27
2025 214 23 27
2025 215  0 17
2025 215  1 17
2025 215  2 17
2025 215  3 10
2025 215  4 10
2025 215  5 10
2025 215  6 10
2025 215  7 10
2025 215  8 10
2025 215  9 17
2025 215 10 17
2025 215 11 17
2025 215 12 17
2025 215 13 17
2025 215 14 17
2025 215 15 27
2025 215 16 27
2025 215 17 27
2025 215 18 40
2025 215 19 40
2025 215 20 40
2025 215 21 17
2025 215 22 17
2025 215 23 17
2025 216  0  3
2025 216  1  3
2025 216  2  3
2025 216  3 13
2025 216  4 13
2025 216  5 13
2025 216  6 20
2025 216  7 20
2025 216  8 20
2025 216  9 23
2025 216 10 23
2025 216 11 23
2025 216 12 20
2025 216 13 20
2025 216 14 20
2025 216 15 23
2025 216 16 23
2025 216 17 23
2025 216 18 20
2025 216 19 20
2025 216 20 20
2025 216 21 23
2025 216 22 23
2025 216 23 23
2025 217  0 30
2025 217  1 30
2025 217  2 30
2025 217  3 20
2025 217  4 20
2025 217  5 20
2025 217  6  7
2025 217  7  7
2025 217  8  7
2025 217  9 13
2025 217 10 13
2025 217 11 13
2025 217 12 27
2025 217 13 27
2025 217 14 27
2025 217 15 23
2025 217 16 23
2025 217 17 23
2025 217 18 27
2025 217 19 27
2025 217 20 27
2025 217 21 23
2025 217 22 23
2025 217 23 23
2025 218  0 17
2025 218  1 17
2025 218  2 17
2025 218  3 13
2025 218  4 13
2025 218  5 13
2025 218  6  7
2025 218  7  7
2025 218  8  7
2025 218  9 13
2025 218 10 13
2025 218 11 13
2025 218 12 10
2025 218 13 10
2025 218 14 10
2025 218 15 20
2025 218 16 20
2025 218 17 20
2025 218 18 13
2025 218 19 13
2025 218 20 13
2025 218 21 27
2025 218 22 27
2025 218 23 27
2025 219  0 10
2025 219  1 10
2025 219  2 10
2025 219  3 10
2025 219  4 10
2025 219  5 10
2025 219  6  3
2025 219  7  3
2025 219  8  3
2025 219  9 10
2025 219 10 10
2025 219 11 10
2025 219 12  7
2025 219 13  7
2025 219 14  7
2025 219 15  3
2025 219 16  3
2025 219 17  3
2025 219 18  3
2025 219 19  3
2025 219 20  3
2025 219 21 10
2025 219 22 10
2025 219 23 10
2025 220  0  3
2025 220  1  3
2025 220  2  3
2025 220  3 13
2025 220  4 13
2025 220  5 13
2025 220  6 10
2025 220  7 10
2025 220  8 10
2025 220  9 30
2025 220 10 30
2025 220 11 30
2025 220 12 47
2025 220 13 47
2025 220 14 47
2025 220 15 40
2025 220 16 40
2025 220 17 40
2025 220 18 50
2025 220 19 50
2025 220 20 50
2025 220 21 33
2025 220 22 33
2025 220 23 33
2025 221  0 50
2025 221  1 50
2025 221  2 50
2025 221  3 47
2025 221  4 47
2025 221  5 47
2025 221  6 50
2025 221  7 50
2025 221  8 50
2025 221  9 50
2025 221 10 50
2025 221 11 50
2025 221 12 50
2025 221 13 50
2025 221 14 50
2025 221 15 57
2025 221 16 57
2025 221 17 57
2025 221 18 40
2025 221 19 40
2025 221 20 40
2025 221 21 33
2025 221 22 33
2025 221 23 33
2025 222  0 33
2025 222  1 33
2025 222  2 33
2025 222  3 23
2025 222  4 23
2025 222  5 23
2025 222  6 43
2025 222  7 43
2025 222  8 43
2025 222  9 40
2025 222 10 40
2025 222 11 40
2025 222 12 30
2025 222 13 30
2025 222 14 30
2025 222 15 40
2025 222 16 40
2025 222 17 40
2025 222 18 40
2025 222 19 40
2025 222 20 40
2025 222 21 30
2025 222 22 30
2025 222 23 30
2025 223  0 43
2025 223  1 43
2025 223  2 43
2025 223  3 23
2025 223  4 23
2025 223  5 23
2025 223  6 33
2025 223  7 33
2025 223  8 33
2025 223  9 23
2025 223 10 23
2025 223 11 23
2025 223 12 33
2025 223 13 33
2025 223 14 33
2025 223 15 40
2025 223 16 40
2025 223 17 40
2025 223 18 23
2025 223 19 23
2025 223 20 23
2025 223 21 27
2025 223 22 27
2025 223 23 27
2025 224  0 40
2025 224  1 40
2025 224  2 40
2025 224  3 30
2025 224  4 30
2025 224  5 30
2025 224  6 20
2025 224  7 20
2025 224  8 20
2025 224  9 20
2025 224 10 20
2025 224 11 20
2025 224 12 30
2025 224 13 30
2025 224 14 30
2025 224 15 27
2025 224 16 27
2025 224 17 27
2025 224 18 23
2025 224 19 23
2025 224 20 23
2025 224 21 30
2025 224 22 30
2025 224 23 30
2025 225  0 20
2025 225  1 20
2025 225  2 20
2025 225  3 27
2025 225  4 27
2025 225  5 27
2025 225  6 27
2025 225  7 27
2025 225  8 27
2025 225  9 23
2025 225 10 23
2025 225 11 23
2025 225 12 27
2025 225 13 27
2025 225 14 27
2025 225 15 30
2025 225 16 30
2025 225 17 30
2025 225 18 30
2025 225 19 30
2025 225 20 30
2025 225 21 33
2025 225 22 33
2025 225 23 33
2025 226  0 33
2025 226  1 33
2025 226  2 33
2025 226  3 20
2025 226  4 20
2025 226  5 20
2025 226  6 30
2025 226  7 30
2025 226  8 30
2025 226  9 27
2025 226 10 27
2025 226 11 27
2025 226 12 20
2025 226 13 20
2025 226 14 20
2025 226 15 13
2025 226 16 13
2025 226 17 13
2025 226 18 13
2025 226 19 13
2025 226 20 13
2025 226 21 20
2025 226 22 20
2025 226 23 20
2025 227  0 23
2025 227  1 23
2025 227  2 23
2025 227  3 20
2025 227  4 20
2025 227  5 20
2025 227  6 20
2025 227  7 20
2025 227  8 20
2025 227  9 13
2025 227 10 13
2025 227 11 13
2025 227 12 13
2025 227 13 13
2025 227 14 13
2025 227 15 13
2025 227 16 13
2025 227 17 13
2025 227 18 17
2025 227 19 17
2025 227 20 17
2025 227 21 13
2025 227 22 13
2025 227 23 13
2025 228  0  3
2025 228  1  3
2025 228  2  3
2025 228  3 13
2025 228  4 13
2025 228  5 13
2025 228  6  7
2025 228  7  7
2025 228  8  7
2025 228  9 13
2025 228 10 13
2025 228 11 13
2025 228 12 10
2025 228 13 10
2025 228 14 10
2025 228 15 17
2025 228 16 17
2025 228 17 17
2025 228 18 10
2025 228 19 10
2025 228 20 10
2025 228 21 17
2025 228 22 17
2025 228 23 17
2025 229  0  7
2025 229  1  7
2025 229  2  7
2025 229  3 13
2025 229  4 13
2025 229  5 13
2025 229  6 17
2025 229  7 17
2025 229  8 17
2025 229  9 10
2025 229 10 10
2025 229 11 10
2025 229 12 17
2025 229 13 17
2025 229 14 17
2025 229 15 10
2025 229 16 10
2025 229 17 10
2025 229 18  3
2025 229 19  3
2025 229 20  3
2025 229 21  0
2025 229 22  0
2025 229 23  0
2025 230  0  0
2025 230  1  0
2025 230  2  0
2025 230  3  3
2025 230  4  3
2025 230  5  3
2025 230  6  7
2025 230  7  7
2025 230  8  7
2025 230  9 20
2025 230 10 20
2025 230 11 20
2025 230 12 23
2025 230 13 23
2025 230 14 23
2025 230 15 30
2025 230 16 30
2025 230 17 30
2025 230 18 13
2025 230 19 13
2025 230 20 13
2025 230 21 20
2025 230 22 20
2025 230 23 20
2025 231  0 30
2025 231  1 30
2025 231  2 30
2025 231  3 20
2025 231  4 20
2025 231  5 20
2025 231  6 20
2025 231  7 20
2025 231  8 20
2025 231  9 23
2025 231 10 23
2025 231 11 23
2025 231 12 40
2025 231 13 40
2025 231 14 40
2025 231 15 40
2025 231 16 40
2025 231 17 40
2025 231 18 47
2025 231 19 47
2025 231 20 47
2025 231 21 37
2025 231 22 37
2025 231 23 37
2025 232  0 40
2025 232  1 40
2025 232  2 40
2025 232  3 30
2025 232  4 30
2025 232  5 30
2025 232  6 30
2025 232  7 30
2025 232  8 30
2025 232  9 20
2025 232 10 20
2025 232 11 20
2025 232 12 13
2025 232 13 13
2025 232 14 13
2025 232 15 20
2025 232 16 20
2025 232 17 20
2025 232 18 23
2025 232 19 23
2025 232 20 23
2025 232 21 30
2025 232 22 30
2025 232 23 30
2025 233  0 27
2025 233  1 27
2025 233  2 27
2025 233  3 20
2025 233  4 20
2025 233  5 20
2025 233  6  7
2025 233  7  7
2025 233  8  7
2025 233  9 10
2025 233 10 10
2025 233 11 10
2025 233 12 10
2025 233 13 10
2025 233 14 10
2025 233 15 17
2025 233 16 17
2025 233 17 17
2025 233 18 23
2025 233 19 23
2025 233 20 23
2025 233 21 20
2025 233 22 20
2025 233 23 20
2025 234  0 30
2025 234  1 30
2025 234  2 30
2025 234  3 20
2025 234  4 20
2025 234  5 20
2025 234  6  7
2025 234  7  7
2025 234  8  7
2025 234  9  7
2025 234 10  7
2025 234 11  7
2025 234 12 17
2025 234 13 17
2025 234 14 17
2025 234 15 17
2025 234 16 17
2025 234 17 17
2025 234 18 20
2025 234 19 20
2025 234 20 20
2025 234 21 27
2025 234 22 27
2025 234 23 27
2025 235  0 20
2025 235  1 20
2025 235  2 20
2025 235  3 20
2025 235  4 20
2025 235  5 20
2025 235  6 10
2025 235  7 10
2025 235  8 10
2025 235  9 17
2025 235 10 17
2025 235 11 17
2025 235 12 10
2025 235 13 10
2025 235 14 10
2025 235 15  7
2025 235 16  7
2025 235 17  7
2025 235 18  7
2025 235 19  7
2025 235 20  7
2025 235 21 13
2025 235 22 13
2025 235 23 13
2025 236  0 17
2025 236  1 17
2025 236  2 17
2025 236  3 17
2025 236  4 17
2025 236  5 17
2025 236  6  7
2025 236  7  7
2025 236  8  7
2025 236  9 10
2025 236 10 10
2025 236 11 10
2025 236 12 10
2025 236 13 10
2025 236 14 10
2025 236 15 13
2025 236 16 13
2025 236 17 13
2025 236 18 17
2025 236 19 17
2025 236 20 17
2025 236 21 10
2025 236 22 10
2025 236 23 10
2025 237  0  7
2025 237  1  7
2025 237  2  7
2025 237  3 17
2025 237  4 17
2025 237  5 17
2025 237  6  3
2025 237  7  3
2025 237  8  3
2025 237  9 10
2025 237 10 10
2025 237 11 10
2025 237 12 30
2025 237 13 30
2025 237 14 30
2025 237 15 30
2025 237 16 30
2025 237 17 30
2025 237 18 17
2025 237 19 17
2025 237 20 17
2025 237 21 17
2025 237 22 17
2025 237 23 17
2025 238  0 17
2025 238  1 17
2025 238  2 17
2025 238  3 27
2025 238  4 27
2025 238  5 27
2025 238  6 17
2025 238  7 17
2025 238  8 17
2025 238  9 23
2025 238 10 23
2025 238 11 23
2025 238 12 13
2025 238 13 13
2025 238 14 13
2025 238 15 10
2025 238 16 10
2025 238 17 10
2025 238 18 13
2025 238 19 13
2025 238 20 13
2025 238 21 17
2025 238 22 17
2025 238 23 17
2025 239  0 13
2025 239  1 13
2025 239  2 13
2025 239  3  7
2025 239  4  7
2025 239  5  7
2025 239  6  7
2025 239  7  7
2025 239  8  7
2025 239  9 23
2025 239 10 23
2025 239 11 23
2025 239 12 27
2025 239 13 27
2025 239 14 27
2025 239 15 17
2025 239 16 17
2025 239 17 17
2025 239 18 20
2025 239 19 20
2025 239 20 20
2025 239 21 20
2025 239 22 20
2025 239 23 20
2025 240  0 17
2025 240  1 17
2025 240  2 17
2025 240  3 13
2025 240  4 13
2025 240  5 13
2025 240  6 20
2025 240  7 20
2025 240  8 20
2025 240  9 13
2025 240 10 13
2025 240 11 13
2025 240 12 17
2025 240 13 17
2025 240 14 17
2025 240 15 17
2025 240 16 17
2025 240 17 17
2025 240 18 17
2025 240 19 17
2025 240 20 17
2025 240 21 20
2025 240 22 20
2025 240 23 20
2025 241  0 20
2025 241  1 20
2025 241  2 20
2025 241  3 17
2025 241  4 17
2025 241  5 17
2025 241  6  7
2025 241  7  7
2025 241  8  7
2025 241  9 10
2025 241 10 10
2025 241 11 10
2025 241 12 17
2025 241 13 17
2025 241 14 17
2025 241 15 13
2025 241 16 13
2025 241 17 13
2025 241 18 20
2025 241 19 20
2025 241 20 20
2025 241 21 20
2025 241 22 20
2025 241 23 20
2025 242  0 13
2025 242  1 13
2025 242  2 13
2025 242  3 10
2025 242  4 10
2025 242  5 10
2025 242  6 17
2025 242  7 17
2025 242  8 17
2025 242  9 20
2025 242 10 20
2025 242 11 20
2025 242 12 17
2025 242 13 17
2025 242 14 17
2025 242 15 20
2025 242 16 20
2025 242 17 20
2025 242 18 17
2025 242 19 17
2025 242 20 17
2025 242 21 23
2025 242 22 23
2025 242 23 23
2025 243  0 20
2025 243  1 20
2025 243  2 20
2025 243  3 17
2025 243  4 17
2025 243  5 17
2025 243  6 13
2025 243  7 13
2025 243  8 13
2025 243  9 23
2025 243 10 23
2025 243 11 23
2025 243 12 17
2025 243 13 17
2025 243 14 17
2025 243 15 20
2025 243 16 20
2025 243 17 20
2025 243 18 17
2025 243 19 17
2025 243 20 17
2025 243 21 10
2025 243 22 10
2025 243 23 10
